1525315501
1096218908
1878990221
1000981968
972148783
1136254483
1415056856
2034174127
1031282292
634263566
82536424
1721634232
1338393724
855068682
2120295791
284704741
639830772
1133470333
1535172932
1425102736
523333945
1769696267
1189764588
711753389
151195292
1876299966
1448917312
786839778
1651247868
1384239040
1422025730
750457773
21615792
1186483359
1173004257
1492653623
1059207743
249289545
1532426650
233986820
1544138089
1479600087
1626432778
745985225
1399264054
962055337
1054874189
469586386
1723696060
796730137
1458316830
1122363658
289625605
1864633693
631467703
1520577324
988662601
174697905
1263384377
1335258648
1711044318
969290149
112375822
1022439827
1168497851
1706241637
513847838
29267102
739088940
160865784
178099408
1732053872
864541227
1960769098
561669994
1131638110
993084760
275529775
1943376527
1208701688
687058261
763980856
1514955858
1931336878
1602097786
1385569977
853522530
855720948
474631779
1316157388
712154575
1208255908
760599438
1849086178
1332220413
1349454115
675645178
1184205192
1534014790
1398216538
