1222850350
2066736873
1670380867
1433155054
985820558
80728302
1152788767
533782272
18060678
1226235611
1411487922
274320196
839397907
339052404
1682703462
725360737
1972353576
656592822
1556766724
1962655616
1551992760
2015654932
928913362
730141528
1170077221
1820143506
1523074096
293176893
1798121103
898504740
1522933591
32252345
137316215
1874786671
231175913
460054810
197341304
1700701997
660423392
486787554
835804209
1435817322
1260400025
1515562717
1757463561
71204109
1773918463
1765563250
179126936
73050816
128384686
743206173
402153991
813196290
1814681156
90822748
1361278794
509684968
1166109842
642274409
1769284893
1698158230
332337004
1929500521
1019869282
318590087
1031544288
2059257917
819937918
838679114
84754783
1300407356
717127262
1295767844
1479279140
415511366
1885049535
1871340068
257560036
1279109169
1042614060
153820542
1100548504
1932982137
1133978561
1943317139
385827647
938525783
818159354
243076951
334242807
1902948398
321216249
1299429838
1452918502
1690423373
538883026
1109083609
1070905309
906183041
