2038899265
1674035594
296256909
1116078949
630129347
804603515
2067963497
98369262
572683958
1821906971
974687997
1029491661
894977554
405322312
1917388480
1419947467
201652794
1888491543
627379046
1767660788
547304551
26225050
671857450
1605260953
1847523505
1873938425
1060640971
122336192
1291125057
160846816
1529473342
675203502
1659145629
2007268326
1423057470
1198798942
578938839
464522985
512257558
1728348680
1245466106
229458208
1155625463
18963093
644305727
1408247445
916204973
1718872949
1545482036
1727275891
756980580
263166289
135733827
737317501
1813097748
498738895
2128273495
1884479854
453002149
1982797038
938710686
1306548070
2055792852
685760503
221950959
847067826
1718024611
1478489736
482325096
253289370
1693422293
1883896033
372658730
495551226
1940606484
1676698273
1634543274
138081348
1018552630
1382153380
2043966481
610881241
454625841
89709677
43231330
2138817383
728262923
955793022
1308410630
778209715
1958045985
2120138470
1803313095
96273220
1803411776
1775469012
1478063164
609388209
186863841
401703434
